7738
7319
6452
9953
6176
8120
1141
8529
5626
7294
8475
9832
0590
3861
0400
8992
7352
0565
7994
3672
8416
8238
5963
9486
9683
9924
4681
3726
2124
9145
7411
3699
2237
7125
7171
5090
7721
7696
0510
8420
1075
1829
0809
1590
8931
4553
7506
8593
7067
8898
9979
8146
2608
3726
6023
9562
1752
4954
0483
2853
3446
0617
6664
6613
2737
2669
8205
3106
2655
1327
3809
9941
6167
9973
5728
8992
2154
8448
6124
4617
2178
3114
6993
3488
2663
6101
0323
2594
1476
2568
3845
6732
1839
7704
7812
7940
0842
6330
0018
4674
5551
8335
5614
8256
1900
2824
8383
7206
2386
6161
4277
3243
0515
7333
9562
3686
8506
4566
6873
6001
5761
2300
3186
3686
5118
1968
5873
9297
5495
5879
3996
7658
6277
8714
6468
1565
5705
4158
3805
4146
7042
4585
0094
2256
4796
9984
5378
4942
4198
2977
4397
1655
9634
1862
5613
5056
3025
7690
4198
9674
3821
2478
6819
2197
1621
0921
6411
0619
2443
1592
7840
5093
3662
0368
6687
2739
0518
1211
9805
2490
4515
5598
6227
3905
3452
2466
7237
8062
6368
2285
6850
7985
0033
7240
0458
0941
6720
1890
0774
9775
1970
0822
9127
8907
4463
1636
6130
2581
9356
5017
1423
6043
7041
8967
1500
5319
4576
2958
0337
9738
6788
5565
5706
7111
6178
1813
2124
5296
2197
2865
8866
6507
0277
3118
1634
1683
3378
0523
6849
2244
1352
1447
1218
8290
0166
8179
6592
7884
1814
5336
4764
1205
6246
4532
8003
2598
8431
1376
9614
8181
5433
0997
8800
2140
4067
8644
6825
3490
1993
9189
9809
2105
0726
2837
6965
9046
2093
7128
8603
6180
8691
8152
8412
9845
1193
6932
3563
6065
8566
4762
3317
0216
3241
1017
2557
8852
4742
8940
2226
5344
6958
3796
7635
0558
0539
4957
2717
4805
1175
2597
1012
6267
7779
0163
3387
3818
7599
1019
0203
5746
5342
8640
1293
0511
9710
5172
4548
1038
8737
1638
5393
1590
3130
9821
5346
5738
5347
2708
0700
0129
7326
2625
5707
1043
7649
5935
4574
6470
5380
7700
4350
9540
3728
0976
4454
2092
8847
5565
1991
2153
4687
9555
3400
7659
5549
2011
3400
3665
0724
8037
3143
9079
3452
7657
1115
2477
7229
9535
7267
6734
6029
3368
4557
2692
8992
0742
6801
2363
7839
6129
0167
8285
0617
8046
8494
4175
0200
0732
5099
5327
0594
8963
1636
2681
0288
1102
6619
8194
3979
0184
4282
4696
0598
8169
2488
7168
8114
2929
8611
9331
1982
4915
8740
5680
9379
2220
5094
4432
8642
6256
1400
9609
8998
6012
2210
7764
7531
9389
8078
7778
9667
8677
2188
6085
1451
2074
4115
6189
2674
2134
7521
2451
5381
1845
5596
2167
9584
3161
0079
4353
0074
8182
5467
8753
5734
9890
0097
9534
2950
1104
1657
5941
7077
3786
3478
1290
9415
0152
1180
0612
5878
4966
4743
9603
4901
6405
1868
6157
8202
0216
9405
2910
7681
8419
5927
9217
8842
2916
2241
6515
0410
0883
7580
3770
8152
8116
0035
6755
0617
0159
5874
7855
8601
6671
6771
1243
5195
0635
5540
1239
4993
7156
6483
9773
2497
3213
5985
5621
8051
4511
3100
4387
1788
4409
0938
7555
2551
7717
9181
5446
2612
1612
1155
2871
0542
6825
7500
7394
4991
7561
3872
7674
6721
6355
0485
0878
8487
6504
2047
3971
4969
8132
0852
9172
0756
3735
9587
5255
4022
7315
8826
5799
1655
6449
8602
7385
7241
2455
7037
8283
3994
6043
0565
6895
8313
4086
5112
4440
7743
4478
9594
1638
1004
1519
2762
5611
4245
6862
3635
2537
2353
9486
6225
9193
6443
6230
4097
6652
7991
3738
9095
2829
7936
3326
4841
0049
2894
8653
4865
5778
7260
0069
0480
8153
7094
0675
3544
2832
9919
8907
2849
4099
4118
3589
5602
3853
3276
7228
7007
8119
2222
3580
2828
3667
3794
9192
0610
5872
1710
8539
2145
6681
9947
4904
4461
4033
5675
6420
8856
1453
4130
6914
1047
3518
9828
1624
2958
1430
1557
4756
8580
8119
8803
1042
0399
1273
0273
3403
8199
4730
6353
0830
7113
2839
5301
0871
8907
7264
2462
3329
3054
0688
0599
4147
8204
9656
1211
8454
9241
2992
6259
3149
1244
2090
4330
0389
6063
5806
4215
0845
9108
0120
5556
6593
2256
1715
7502
3734
5294
8532
2318
7881
0914
4172
1267
5500
1079
9961
9238
6712
5762
2084
6335
3283
7426
7749
0798
3740
5941
9703
6513
7970
0440
7729
2851
1659
3759
8255
8577
6555
0600
3842
9669
1021
4478
0373
0894
5644
6524
5046
2460
8459
6293
0766
0155
4579
6019
5205
7877
6523
7381
0804
5096
6056
2307
9851
6663
0229
5851
2566
2865
8981
0128
1998
5856
9508
2536
5510
9837
9871
7999
5999
3074
5268
0870
5638
7446
1731
1962
0785
4486
5064
2584
7821
9537
8026
5099
5678
0005
0506
9318
1714
1025
4005
9900
4558
2555
4205
6462
2827
9484
0449
3035
4859
6730
7104
4356
2617
9210
0065
9400
6435
1317
7851
8120
4184
5439
0640
0014
1744
7316
7516
8564
5275
2071
6361
2738
4448
2176
3979
9154
4443
3651
0992
1373
8571
4075
9704
9896
6434
0918
4190
8546
6611
4169
4397
2318
3984
0489
4457
0299
0781
3485
6778
4919
9789
5917
6946
5724
7541
2003
7888
9189
4897
7080
6302
4212
0176
6228
0300
6059
5194
0327
5772
4998
5417
4273
7468
6451
2164
1358
0602
7550
0307
5457
2391
9985
3214
8466
7906
3456
3475
4993
4728
5360
4867
9222
0623
3417
2688
6657
8048
8440
3221
9355
4907
0731
9242
8689
3673
2211
9653
8800
1280
4102
4444
6203
9097
4220
8398
9629
2190
4739
1917
0712
1071
8620
1701
3042
3623
3835
7475
0829
0280
2981
1378
5541
2917
0685
5815
3563
6475
4946
4632
5918
8893
3947
9875
9244
8672
3351
6798
4171
4397
9824
4879
3311
0298
3455
7025
7110
5251
7507
0148
5456
0565
7402
3442
7066
9322
2783
8292
1365
4292
2260
7571
6564
3689
9546
9883
